// ********************** PARAM *********************** //

const int n_bits = 18;                  // número de bits para representar 200 000 números
const int population_size = 100;         // tamanho da população
const int generations_number = 100;      //  número de gerações
const float mutation_prob = 0.1;        // probabilidade de mutação
const float crossing_prob = 0.8;        // probabilidade de cruzamento
const float K = 0.8;                    // constante do torneio
const float n_elitism = 0.3;            // elitismo de 20%             

Array 1:
[-86.6321, -110.746, -130.215, -178.834, -169.393, -171.712, -185.06, -185.516, -185.516, -185.516, -186.526, -186.43, -185.308, -186.544, -186.7, -186.728, -186.728, -186.721, -186.728, -186.728, -186.731, -186.731, -186.731, -186.731, -186.731, -186.731, -186.731, -186.731, -186.731, -186.731, -186.731, -186.731, -186.731, -186.731, -186.731, -186.731, -186.731, -186.731, -186.731, -186.731, -186.731, -186.731, -186.731, -186.731, -186.731, -186.731, -186.731, -186.731, -186.731, -186.731, -186.731, -186.731, -186.731, -186.731, -186.731, -186.731, -186.731, -186.731, -186.731, -186.731, -186.731, -186.731, -186.731, -186.731, -186.731, -186.731, -186.731, -186.731, -186.731, -186.731, -186.731, -186.731, -186.731, -186.731, -186.731, -186.731, -186.731, -186.731, -186.731, -186.731, -186.731, -186.731, -186.731, -186.731, -186.731, -186.731, -186.731, -186.731, -186.731, -186.731, -186.731, -186.731, -186.731, -186.731, -186.731, -186.731, -186.731, -186.731, -186.731, -186.731, -186.731]

Array 2:
[-132.219, -133.02, -133.02, -176.612, -185.667, -185.639, -185.433, -185.671, -185.672, -185.672, -185.672, -185.824, -185.757, -185.757, -185.757, -186.022, -186.53, -186.53, -186.571, -186.585, -186.586, -186.649, -186.666, -186.661, -186.656, -186.656, -186.706, -186.706, -186.72, -186.72, -186.72, -186.724, -186.72, -186.72, -186.72, -186.72, -186.72, -186.72, -186.72, -186.724, -186.721, -186.72, -186.72, -186.721, -186.724, -186.724, -186.724, -186.725, -186.724, -186.724, -186.725, -186.725, -186.725, -186.725, -186.725, -186.725, -186.725, -186.726, -186.725, -186.725, -186.725, -186.725, -186.725, -186.725, -186.725, -186.726, -186.726, -186.726, -186.726, -186.726, -186.726, -186.726, -186.726, -186.726, -186.726, -186.726, -186.726, -186.726, -186.726, -186.726, -186.726, -186.726, -186.726, -186.726, -186.726, -186.726, -186.726, -186.726, -186.726, -186.726, -186.726, -186.726, -186.726, -186.726, -186.726, -186.726, -186.726, -186.726, -186.726, -186.726, -186.726]

Array 3: 
[-72.3612, -72.3814, -185.102, -185.102, -185.181, -185.662, -185.678, -132.495, -121.801, -179.269, -164.83, -183.81, -184.059, -183.996, -183.996, -183.996, -183.996, -183.996, -183.81, -183.81, -186.278, -186.278, -186.357, -186.484, -186.392, -186.484, -186.484, -186.465, -186.469, -186.567, -186.687, -186.687, -186.599, -186.611, -186.597, -186.686, -186.697, -186.676, -186.723, -186.723, -186.723, -186.723, -186.723, -186.725, -186.725, -186.723, -186.727, -186.727, -186.727, -186.727, -186.723, -186.723, -186.723, -186.723, -186.723, -186.723, -186.723, -186.723, -186.723, -186.723, -186.723, -186.723, -186.723, -186.723, -186.723, -186.723, -186.723, -186.723, -186.723, -186.723, -186.723, -186.723, -186.723, -186.723, -186.723, -186.723, -186.723, -186.723, -186.723, -186.723, -186.723, -186.723, -186.723, -186.723, -186.723, -186.723, -186.723, -186.723, -186.723, -186.723, -186.723, -186.723, -186.723, -186.723, -186.723, -186.723, -186.723, -186.723, -186.723, -186.723, -186.723]

